INSERT INTO station (stationId, name, longitude, latitude, stationTypeId, addressId) VALUES
	(1, "ANDAU", 17,03333282, 47,77249908, 2, 1),
	(2, "BAD TATZMANNSDORF ", 16,22499847, 47,33805466, 1, 1),
	(3, "BERNSTEIN", 16,26138878, 47,40833282, 1, 1),
	(4, "BRUCKNEUDORF", 16,84499931, 48,01277924, 1, 1),
	(5, "EISENSTADT-NORDOST", 16,53833389, 47,85416794, 2, 1),
	(6, "GÜSSING", 16,32194328, 47,0625, 2, 1),
	(7, "KLEINZICKEN", 16,33555603, 47,20750046, 1, 1),
	(8, "KROISEGG", 16,04222107, 47,3786087, 1, 1),
	(9, "LUTZMANNSBURG", 16,6455555, 47,46527863, 2, 1),
	(10, "MATTERSBURG", 16,38916588, 47,74499893, 1, 1),
	(11, "NEUDORF/LANDSEE", 16,38138771, 47,56277847, 1, 1),
	(12, "NEUSIEDL AM SEE", 16,82888794, 47,94916534, 1, 1),
	(13, "PODERSDORF", 16,83444405, 47,86611176, 1, 1),
	(14, "RECHNITZ  ", 16,45416641, 47,30138779, 1, 1),
	(15, "WÖRTERBERG", 16,09666634, 47,22610855, 1, 1),
	(16, "ARRIACH", 13,85249996, 46,72777557, 1, 1),
	(17, "BAD BLEIBERG", 13,68444443, 46,62527847, 1, 1),
	(18, "BAD EISENKAPPEL", 14,59333324, 46,49055481, 1, 1),
	(19, "DELLACH", 13,08277702, 46,74194336, 1, 1),
	(20, "DÖLLACH", 12,90250015, 46,9580574, 1, 1),
	(21, "FEISTRITZ ob BLEIBURG", 14,76666641, 46,55888748, 2, 1),
	(22, "FELDKIRCHEN", 14,09694386, 46,7219429, 1, 1),
	(23, "FERLACH", 14,31416702, 46,53110886, 1, 1),
	(24, "FLATTNITZ", 14,03611088, 46,94083405, 1, 1),
	(25, "FRESACH", 13,68527699, 46,71527863, 1, 1),
	(26, "FRIESACH", 14,40583324, 46,95861053, 1, 1),
	(27, "GMÜND", 13,53416634, 46,90277863, 1, 1),
	(28, "HERMAGOR", 13,49222183, 46,60972214, 2, 1),
	(29, "KANZELHÖHE", 13,90194416, 46,67722321, 2, 1),
	(30, "KATSCHBERG", 13,61472225, 47,0605545, 1, 1),
	(31, "KLAGENFURT-FLUGHAFEN", 14,31833267, 46,6483345, 1, 1),
	(32, "KORNAT", 12,88888836, 46,68500137, 1, 1),
	(33, "KÖTSCHACH-MAUTHEN", 12,99722195, 46,67722321, 1, 1),
	(34, "LOIBL/TUNNEL", 14,24916649, 46,44388962, 2, 1),
	(35, "MALLNITZ", 13,16666603, 46,99194336, 1, 1),
	(36, "MILLSTATT", 13,57277679, 46,80805588, 1, 1),
	(37, "OBERVELLACH", 13,1944437, 46,93527603, 1, 1),
	(38, "PÖRTSCHACH", 14,16527748, 46,63083267, 1, 1),
	(39, "PREITENEGG", 14,91499996, 46,93805695, 2, 1),
	(40, "SPITTAL/DRAU", 13,48722172, 46,79055405, 2, 1),
	(41, "ST.ANDRÄ/LAVANTTAL", 14,82805443, 46,76416779, 2, 1),
	(42, "ST.VEIT/GLAN", 14,38555527, 46,73916626, 2, 1),
	(43, "VILLACHER ALPE", 13,67277718, 46,60361099, 1, 1),
	(44, "VILLACH-STADT", 13,87388802, 46,61805344, 1, 1),
	(45, "VÖLKERMARKT-GOLDBRUNNHOF", 14,63916588, 46,67083359, 1, 1),
	(46, "WEISSENSEE-GATSCHACH", 13,28583336, 46,71860886, 1, 1),
	(47, "WEITENSFELD", 14,19083309, 46,84916687, 2, 1),
	(48, "ALLENTSTEIG", 15,36694336, 48,69083405, 1, 1),
	(49, "AMSTETTEN", 14,8949995, 48,10889053, 2, 1),
	(50, "ASPANG", 16,10138893, 47,57500076, 2, 1),
	(51, "BAD DEUTSCH-ALTENBURG ", 16,9066658, 48,13638687, 1, 1),
	(52, "BÄRNKOPF", 15,00277805, 48,39110947, 1, 1),
	(53, "BERNDORF", 16,10111046, 47,93916702, 1, 1),
	(54, "BRUNN AM GEBIRGE", 16,26999855, 48,10694504, 1, 1),
	(55, "BUCHBERG", 15,94499969, 48,2136116, 1, 1),
	(56, "GÄNSERNDORF", 16,7136116, 48,33777618, 1, 1),
	(57, "GARS/KAMP", 15,69999981, 48,59194565, 1, 1),
	(58, "GROSS-ENZERSDORF", 16,55916595, 48,19972229, 1, 1),
	(59, "GUMPOLDSKIRCHEN", 16,28083229, 48,03583145, 1, 1),
	(60, "GUTENSTEIN/MARIAHILFBERG", 15,87611008, 47,87138748, 1, 1),
	(61, "HIRSCHENKOGEL", 15,83333302, 47,62333298, 1, 1),
	(62, "HOHE WAND/HOCHKOGELHAUS", 16,03499985, 47,82221985, 1, 1),
	(63, "HOHENAU", 16,90444374, 48,61639023, 1, 1),
	(64, "HORN", 15,65361118, 48,67055511, 1, 1),
	(65, "JAUERLING", 15,33916664, 48,33444595, 2, 1),
	(66, "KLAUSEN-LEOPOLDSDORF", 16,00166702, 48,0886116, 1, 1),
	(67, "KREMS", 15,62138844, 48,41833115, 2, 1),
	(68, "KRUMBACH  ", 16,18666649, 47,52805328, 1, 1),
	(69, "LAA/TH.KLÄRANLAGE", 16,38972282, 48,73138809, 2, 1),
	(70, "LANGENLEBARN", 16,11805534, 48,32388687, 1, 1),
	(71, "LANGENLOIS", 15,69722176, 48,47249985, 1, 1),
	(72, "LEISER BERGE", 16,37166595, 48,55888748, 1, 1),
	(73, "LILIENFELD-TARSCHBERG", 15,58749962, 48,02805328, 1, 1),
	(74, "LITSCHAU", 15,03833294, 48,95472336, 2, 1),
	(75, "LUNZ AM SEE", 15,06749916, 47,8544426, 1, 1),
	(76, "MELK", 15,33138847, 48,20972061, 1, 1),
	(77, "MISTELBACH", 16,60944366, 48,5708313, 1, 1),
	(78, "MÖNICHKIRCHEN", 16,03333282, 47,51111221, 1, 1),
	(79, "OBERNDORF/MELK", 15,21388912, 48,0625, 1, 1),
	(80, "POTTSCHACH", 16,00805473, 47,70083237, 1, 1),
	(81, "POYSDORF-OST", 16,63749886, 48,66916656, 1, 1),
	(82, "PUCHBERG/SCHNEEBERG", 15,90694427, 47,79027557, 1, 1),
	(83, "RAABS/THAYA", 15,50194454, 48,84805679, 1, 1),
	(84, "RAX/SEILBAHNBERGSTATION", 15,77861023, 47,71749878, 1, 1),
	(85, "REICHENAU/RAX", 15,83694458, 47,69972229, 2, 1),
	(86, "RETZ/WINDMÜHLE", 15,9416666, 48,76111221, 1, 1),
	(87, "SCHÖNGRABERN", 16,06166649, 48,60333252, 1, 1),
	(88, "SCHWECHAT", 16,58138847, 48,11750031, 1, 1),
	(89, "SEIBERSDORF", 16,50499916, 47,97638702, 1, 1),
	(90, "SEMMERING", 15,8283329, 47,6333313, 1, 1),
	(91, "ST.PÖLTEN/LANDHAUS", 15,63111019, 48,19972229, 2, 1),
	(92, "STIFT ZWETTL", 15,20361137, 48,61777878, 1, 1),
	(93, "STOCKERAU", 16,19249916, 48,39694595, 1, 1),
	(94, "WACHTBERG BEI STEYR", 14,46111107, 48,04750061, 1, 1),
	(95, "WAIDHOFEN/YBBS-ZENTRUM ALT", 14,78444386, 47,95777893, 1, 1),
	(96, "WAIDHOFEN/YBBS", 14,80972195, 47,94555664, 1, 1),
	(97, "WEITRA", 14,89861107, 48,70222092, 1, 1),
	(98, "WIESELBURG", 15,14666653, 48,12722015, 1, 1),
	(99, "WOLKERSDORF", 16,50749969, 48,38027573, 1, 1),
	(100, "WR.NEUSTADT/FLUGPLATZ", 16,23138809, 47,83222198, 1, 1),
	(101, "ZWERNDORF", 16,83138847, 48,33805466, 1, 1),
	(102, "ALTMÜNSTER", 13,7733326, 47,87916565, 1, 1),
	(103, "ASPACH", 13,30000019, 48,18305588, 1, 1),
	(104, "BAD GOISERN", 13,64472198, 47,62194443, 1, 1),
	(105, "BAD ISCHL", 13,64722157, 47,70611191, 1, 1),
	(106, "BAD ZELL", 14,66361141, 48,35499954, 1, 1),
	(107, "BRAUNAU/RANSHOFEN", 13,02833271, 48,22416687, 1, 1),
	(108, "DACHSTEIN-HUNERKOGEL", 13,62638855, 47,46777725, 1, 1),
	(109, "DACHSTEIN-SCHLADMING GLETSCHER", 13,63249969, 47,47444534, 1, 1),
	(110, "ENNS", 14,45027733, 48,1958313, 2, 1),
	(111, "FEUERKOGEL", 13,71777725, 47,81666565, 1, 1),
	(112, "FREISTADT", 14,50638866, 48,49472046, 1, 1),
	(113, "GALLSPACH ", 13,82499886, 48,20416641, 1, 1),
	(114, "HÖRSCHING", 14,18805504, 48,23527908, 1, 1),
	(115, "KOLLERSCHLAG", 13,83916664, 48,60277939, 2, 1),
	(116, "KREMSMÜNSTER ", 14,13111019, 48,05500031, 1, 1),
	(117, "LINZ-STADT", 14,28527737, 48,29638672, 1, 1),
	(118, "MATTIGHOFEN", 13,15111065, 48,09722137, 2, 1),
	(119, "MICHELDORF", 14,13444424, 47,88305664, 2, 1),
	(120, "MONDSEE", 13,34722233, 47,85083389, 1, 1),
	(121, "OSTERMIETHING", 12,83166599, 48,05305481, 1, 1),
	(122, "REICHENAU/MÜHLKREIS", 14,34555531, 48,45916748, 2, 1),
	(123, "REICHERSBERG", 13,37611008, 48,33111191, 1, 1),
	(124, "RIED IM INNKREIS", 13,47499943, 48,21722031, 1, 1),
	(125, "ROHRBACH", 13,99416637, 48,56972122, 1, 1),
	(126, "SCHÄRDING", 13,43444443, 48,46416855, 1, 1),
	(127, "ST.WOLFGANG", 13,44194412, 47,74027634, 1, 1),
	(128, "VÖCKLABRUCK", 13,6455555, 48,00666809, 2, 1),
	(129, "WAIZENKIRCHEN", 13,86472225, 48,32666779, 2, 1),
	(130, "WELS-SCHLEISSHEIM", 14,07138824, 48,16277695, 1, 1),
	(131, "WEYER", 14,66583347, 47,85722351, 2, 1),
	(132, "WINDISCHGARSTEN", 14,32611084, 47,72027588, 1, 1),
	(133, "WOLFSEGG", 13,67083263, 48,10555649, 1, 1),
	(134, "ABTENAU", 13,34333324, 47,56666565, 1, 1),
	(135, "BAD GASTEIN", 13,13333321, 47,11055374, 1, 1),
	(136, "BISCHOFSHOFEN", 13,22111034, 47,4066658, 1, 1),
	(137, "GOLLING", 13,18166637, 47,59111023, 2, 1),
	(138, "GROSSARLTAL", 13,19472218, 47,24139023, 1, 1),
	(139, "KOLM SAIGURN", 12,98472214, 47,06944275, 1, 1),
	(140, "KOLOMANSBERG", 13,27527714, 47,8777771, 1, 1),
	(141, "KRIMML", 12,18194389, 47,22916412, 1, 1),
	(142, "LOFER/ORT", 12,69527721, 47,58444595, 2, 1),
	(143, "LOFERER ALM", 12,64527702, 47,59722137, 1, 1),
	(144, "MARIA ALM", 12,8983326, 47,40611267, 1, 1),
	(145, "MARIAPFARR", 13,74499989, 47,15222168, 1, 1),
	(146, "MATTSEE", 13,10555553, 47,97722244, 1, 1),
	(147, "MITTERSILL", 12,4958334, 47,27916718, 1, 1),
	(148, "OBERTAUERN", 13,55972195, 47,24888992, 1, 1),
	(149, "RADSTADT-TANDALIER", 13,44083309, 47,38000107, 2, 1),
	(150, "RAURIS", 12,99249935, 47,22360992, 1, 1),
	(151, "RUDOLFSHÜTTE", 12,62583256, 47,13499832, 1, 1),
	(152, "SAALBACH", 12,6483326, 47,38777924, 1, 1),
	(153, "SALZBURG-FLUGHAFEN", 13,00333309, 47,79444504, 1, 1),
	(154, "SALZBURG-FREISAAL", 13,05333328, 47,79055405, 1, 1),
	(155, "SCHMITTENHÖHE", 12,73805523, 47,32860947, 1, 1),
	(156, "SONNBLICK ", 12,95750046, 47,05416489, 1, 1),
	(157, "ST.JOHANN IM PONGAU", 13,18666649, 47,31972122, 1, 1),
	(158, "ST.MICHAEL/LUNGAU", 13,62277699, 47,09444427, 2, 1),
	(159, "ST.VEIT IM PONGAU", 13,15499973, 47,32916641, 1, 1),
	(160, "TAMSWEG", 13,8083334, 47,13305664, 1, 1),
	(161, "ZELL AM SEE", 12,7952776, 47,32666779, 2, 1),
	(162, "AFLENZ", 15,24083328, 47,54583359, 1, 1),
	(163, "AIGEN/ENNSTAL", 14,13833332, 47,53277588, 1, 1),
	(164, "BAD AUSSEE", 13,75833321, 47,61055374, 2, 1),
	(165, "BAD GLEICHENBERG", 15,90361118, 46,8722229, 1, 1),
	(166, "BAD MITTERNDORF", 13,93472195, 47,55333328, 1, 1),
	(167, "BAD RADKERSBURG", 15,99333286, 46,6922226, 1, 1),
	(168, "BRUCK/MUR", 15,24972153, 47,40555573, 1, 1),
	(169, "DEUTSCHLANDSBERG", 15,22694397, 46,82166672, 2, 1),
	(170, "EICHBERG", 15,93694401, 47,40000153, 1, 1),
	(171, "FELDBACH", 15,87972164, 46,94888687, 1, 1),
	(172, "FISCHBACH", 15,64388847, 47,44416809, 2, 1),
	(173, "FROHNLEITEN", 15,31499958, 47,2555542, 2, 1),
	(174, "FÜRSTENFELD", 16,08083344, 47,0308342, 1, 1),
	(175, "GLEISDORF", 15,7080555, 47,11555481, 1, 1),
	(176, "GRAZ-FLUGHAFEN", 15,43999958, 46,98055649, 1, 1),
	(177, "GRAZ-STRASSGANG", 15,41027737, 47,04611206, 2, 1),
	(178, "GRAZ-UNIVERSITÄT", 15,44888878, 47,07777786, 1, 1),
	(179, "GRÖBMING", 13,90416622, 47,44666672, 1, 1),
	(180, "HALL/ADMONT", 14,49083328, 47,59444427, 2, 1),
	(181, "HARTBERG", 15,97861004, 47,28055573, 2, 1),
	(182, "IRDNING-GUMPENSTEIN", 14,09972191, 47,49499893, 1, 1),
	(183, "KALWANG", 14,75972176, 47,42138672, 2, 1),
	(184, "KAPFENBERG-FLUGFELD", 15,33555508, 47,45833206, 2, 1),
	(185, "KÖFLACH ", 15,0872221, 47,06999969, 1, 1),
	(186, "LASSNITZHÖHE", 15,59222221, 47,07361221, 1, 1),
	(187, "LEOBEN", 15,08666611, 47,37833405, 2, 1),
	(188, "MARIAZELL/ST.SEBASTIAN-FLUGFELD", 15,30222225, 47,7891655, 2, 1),
	(189, "MOOSLANDL", 14,7616663, 47,64749908, 1, 1),
	(190, "MURAU", 14,17694378, 47,11111069, 2, 1),
	(191, "MÜRZZUSCHLAG", 15,67277718, 47,60222244, 1, 1),
	(192, "NEUMARKT", 14,42472172, 47,06972122, 2, 1),
	(193, "OBERWÖLZ", 14,28666592, 47,20194626, 1, 1),
	(194, "PRÄBICHL", 14,95416641, 47,52166748, 1, 1),
	(195, "RAMSAU AM DACHSTEIN", 13,63416672, 47,42527771, 1, 1),
	(196, "ROTTENMANN", 14,43027687, 47,50777817, 2, 1),
	(197, "SCHÖCKL", 15,4663887, 47,19861221, 1, 1),
	(198, "SECKAU", 14,77861023, 47,27083206, 1, 1),
	(199, "ST.RADEGUND", 15,48972225, 47,18222046, 1, 1),
	(200, "STOLZALPE", 14,18833256, 47,1230545, 1, 1),
	(201, "WAGNA-LEIBNITZ", 15,55277824, 46,76749802, 2, 1),
	(202, "ZELTWEG", 14,74694443, 47,19972229, 1, 1),
	(203, "ACHENKIRCH CAMPINGPLATZ", 11,70666695, 47,49944305, 1, 1),
	(204, "ALPBACH", 11,94055557, 47,39638901, 1, 1),
	(205, "BRENNER", 11,51083374, 47,00722122, 1, 1),
	(206, "BRUNNENKOGEL", 10,86166668, 46,91277695, 1, 1),
	(207, "EHRWALD", 10,91999912, 47,40416718, 1, 1),
	(208, "GALTÜR", 10,18555546, 46,96805573, 1, 1),
	(209, "GALZIG", 10,23027706, 47,1297226, 1, 1),
	(210, "HAHNENKAMM-EHRENBACHHÖHE", 12,3591671, 47,41833115, 1, 1),
	(211, "HAHNENKAMM-SONNENRAST", 12,35944462, 47,40916824, 1, 1),
	(212, "HAIMING", 10,88944435, 47,25972366, 1, 1),
	(213, "HINTERTUX ", 11,67472172, 47,10694504, 1, 1),
	(214, "HOCHFILZEN", 12,62111092, 47,47027588, 1, 1),
	(215, "HOLZGAU", 10,33861065, 47,25749969, 1, 1),
	(216, "IMST", 10,74222183, 47,23694229, 1, 1),
	(217, "INNSBRUCK-FLUGPLATZ", 11,35666656, 47,25999832, 1, 1),
	(218, "INNSBRUCK-UNIV.", 11,38416672, 47,25999832, 1, 1),
	(219, "ISCHGL-IDALPE", 10,31722164, 46,98249817, 1, 1),
	(220, "JENBACH", 11,75805569, 47,38888931, 2, 1),
	(221, "KALS", 12,64638901, 47,0047226, 2, 1),
	(222, "KIRCHDORF", 12,46305561, 47,56611252, 1, 1),
	(223, "KITZBÜHEL", 12,38916588, 47,44388962, 1, 1),
	(224, "KÖSSEN", 12,39388847, 47,66277695, 2, 1),
	(225, "KUFSTEIN", 12,1627779, 47,57527542, 1, 1),
	(226, "LANDECK", 10,56361103, 47,14027786, 1, 1),
	(227, "LIENZ", 12,80638885, 46,82555389, 2, 1),
	(228, "MAYRHOFEN", 11,85138893, 47,16249847, 2, 1),
	(229, "NAUDERS", 10,49694443, 46,89110947, 1, 1),
	(230, "NEUSTIFT/MILDERS", 11,2919445, 47,10277939, 1, 1),
	(231, "OBERGURGL", 11,02444363, 46,86666489, 1, 1),
	(232, "PATSCHERKOFEL", 11,4622221, 47,20888901, 1, 1),
	(233, "PITZTALER GLETSCHER", 10,87916565, 46,92694473, 1, 1),
	(234, "PRUTZ", 10,66472244, 47,06861115, 1, 1),
	(235, "REUTTE", 10,71527767, 47,4944458, 2, 1),
	(236, "RINN", 11,50388908, 47,24916458, 1, 1),
	(237, "SCHMIRN", 11,58027744, 47,08722305, 1, 1),
	(238, "SEEFELD", 11,17555523, 47,32472229, 1, 1),
	(239, "SILLIAN", 12,42361069, 46,74638748, 2, 1),
	(240, "SÖLL", 12,20027733, 47,50305557, 1, 1),
	(241, "ST.ANTON AM ARLBERG", 10,26666641, 47,13138962, 2, 1),
	(242, "ST.JAKOB/DEF.", 12,35388851, 46,9169426, 1, 1),
	(243, "ST.LEONHARD/PITZTAL", 10,86555576, 47,02722168, 1, 1),
	(244, "STEINACH AM BRENNER", 11,46611118, 47,09833145, 2, 1),
	(245, "TANNHEIM", 10,50583363, 47,50027847, 1, 1),
	(246, "UMHAUSEN", 10,92888832, 47,13916779, 1, 1),
	(247, "VALLUGA", 10,21277809, 47,15750122, 1, 1),
	(248, "VIRGEN", 12,45583344, 47,0027771, 1, 1),
	(249, "ALBERSCHWENDE", 9,848610878, 47,45750046, 1, 1),
	(250, "BLUDENZ", 9,829443932, 47,14777756, 1, 1),
	(251, "BRAND", 9,738332748, 47,10305405, 1, 1),
	(252, "BREGENZ", 9,746110916, 47,49916458, 2, 1),
	(253, "DORNBIRN", 9,725554466, 47,43249893, 1, 1),
	(254, "FELDKIRCH", 9,609722137, 47,27111053, 2, 1),
	(255, "FRAXERN", 9,674444199, 47,31416702, 1, 1),
	(256, "GASCHURN", 10,02861023, 46,98583221, 1, 1),
	(257, "LANGEN AM ARLBERG", 10,12333298, 47,13166428, 1, 1),
	(258, "LATERNS-GAPFOHL", 9,760000229, 47,27499771, 1, 1),
	(259, "LECH AM ARLBERG", 10,1408329, 47,20999908, 1, 1),
	(260, "MITTELBERG", 10,15250015, 47,32333374, 1, 1),
	(261, "ROHRSPITZ", 9,629999161, 47,4972229, 1, 1),
	(262, "SCHOPPERNAU", 10,01777744, 47,31138992, 1, 1),
	(263, "SCHRÖCKEN", 10,08611107, 47,26166534, 1, 1),
	(264, "SULZBERG", 9,914722443, 47,52222061, 1, 1),
	(265, "WARTH", 10,1861105, 47,25583267, 1, 1),
	(266, "WIEN-DONAUFELD", 16,43138885, 48,25722122, 1, 1),
	(267, "WIEN-HOHE WARTE", 16,35638809, 48,24861145, 2, 1),
	(268, "WIEN-INNERE STADT", 16,36694336, 48,19833374, 1, 1),
	(269, "WIEN-JUBILÄUMSWARTE", 16,26527786, 48,2211113, 1, 1),
	(270, "WIEN-MARIABRUNN", 16,2294445, 48,20694351, 1, 1),
	(271, "WIEN-STAMMERSDORF", 16,40555573, 48,30583191, 1, 1),
	(272, "WIEN-UNTERLAA", 16,41944313, 48,125, 1, 1);
